Coefficient Format: Decimal

Discrete-Time IIR Filter (real)
-------------------------------
Filter Structure    : Direct-Form II, Second-Order Sections
Number of Sections  : 14
Stable              : Yes
Linear Phase        : No


SOS matrix:
0.01023688687266683    0.02047377374533366    0.01023688687266683    1  -1.858793054341942    0.8947036452035797
0.01175496521027858    0.02350993042055716    0.01175496521027858    1  -1.7318090214680053   0.76526636900605471
0.0081234520954994588  0.016246904190998918   0.0081234520954994588  1  -1.6598586022033364   0.69192591761139599
0.0081561484578660526  0.016312296915732105   0.0081561484578660526  1  -1.6454161807110783   0.67720447856629706
0.0086395284226654084  0.017279056845330817   0.0086395284226654084  1  -1.6887042780305574   0.72132887186202166
0.0048795586778089999  0.0097591173556179998  0.0048795586778089999  1  -1.7887865434145178   0.82334465710517946
0.006793731668997504   0.013587463337995008   0.006793731668997504   1  -1.9402335633663914   0.97771752830122594
0.012230716628887899   0.024461433257775798   0.012230716628887899   1  -1.8222393306986575   0.8574437290063921
0.013383214809869861   0.026766429619739723   0.013383214809869861   1  -1.7084906074317454   0.74149745940545919
0.044548715618484336   0.089097431236968672   0.044548715618484336   1  -1.6508331769331495   0.68272612739322713
0.01615563730138958    0.01615563730138958    0                      1  -0.82180513752606266  0
0.0084937453087603493  0.016987490617520699   0.0084937453087603493  1  -1.6724863436524999   0.70479761825527898
0.0091046414211305281  0.018209282842261056   0.0091046414211305281  1  -1.7586026190551263   0.79257760029016766
0.25174206582179964    0.50348413164359929    0.25174206582179964    1  -1.8982224726233434   0.93489481246209727

Scale Values:
0.019576456596921168
